   9.0250000e-01
   9.0083333e-01
   9.0666667e-01
   9.0333333e-01
   9.0583333e-01
   9.0583333e-01
   8.9500000e-01
   9.1166667e-01
   8.9083333e-01
   9.0666667e-01
   8.9916667e-01
   9.0000000e-01
   9.0333333e-01
   8.9500000e-01
   9.0250000e-01
   8.8333333e-01
   8.9250000e-01
   9.0166667e-01
   8.9083333e-01
   9.0250000e-01
   9.1833333e-01
   9.1416667e-01
   9.2916667e-01
   9.0166667e-01
   9.0333333e-01
   9.1583333e-01
   9.1000000e-01
   8.9916667e-01
   8.9833333e-01
   9.2000000e-01
   9.0916667e-01
   9.1750000e-01
   9.0000000e-01
   9.1666667e-01
   9.2833333e-01
   9.0250000e-01
   9.1250000e-01
   9.0416667e-01
   9.0000000e-01
   9.0166667e-01
   9.0083333e-01
   9.1833333e-01
   9.2416667e-01
   9.0333333e-01
   9.0500000e-01
   8.9416667e-01
   9.1333333e-01
   9.1250000e-01
   9.0750000e-01
   9.0666667e-01
   8.9666667e-01
   9.0750000e-01
   8.8916667e-01
   9.0416667e-01
   9.0583333e-01
   9.1916667e-01
   9.0250000e-01
   9.1083333e-01
   9.1000000e-01
   9.1083333e-01
   8.9750000e-01
   9.0500000e-01
   9.1416667e-01
   9.0833333e-01
   9.0833333e-01
   9.0250000e-01
   9.0083333e-01
   8.9166667e-01
   9.0000000e-01
   8.9333333e-01
   8.8083333e-01
   8.9583333e-01
   8.8916667e-01
   9.1416667e-01
   9.0666667e-01
   9.1333333e-01
   9.1833333e-01
   9.0416667e-01
   9.1333333e-01
   9.1500000e-01
   9.0583333e-01
   9.0833333e-01
   8.8750000e-01
   9.0750000e-01
   8.8750000e-01
   9.0333333e-01
   8.9750000e-01
   8.9583333e-01
   8.9083333e-01
   8.9916667e-01
   8.8833333e-01
   9.3000000e-01
   9.0833333e-01
   9.0416667e-01
   9.0750000e-01
   8.9750000e-01
   8.9833333e-01
   9.1333333e-01
   9.1666667e-01
   9.1833333e-01
   9.1750000e-01
   9.3250000e-01
   9.2583333e-01
   9.2083333e-01
   9.2500000e-01
   9.2500000e-01
   9.2250000e-01
   9.1416667e-01
   9.1250000e-01
   8.9500000e-01
   9.0416667e-01
   9.0333333e-01
   9.1833333e-01
   9.1666667e-01
   9.1333333e-01
   9.1250000e-01
   9.1416667e-01
   9.1416667e-01
   9.1416667e-01
   9.1333333e-01
   9.1250000e-01
   9.2250000e-01
   9.1000000e-01
   9.2250000e-01
   9.2750000e-01
   9.1666667e-01
   9.1250000e-01
   9.0333333e-01
   9.0750000e-01
   9.2416667e-01
   9.1666667e-01
   8.7916667e-01
   8.9916667e-01
   9.1083333e-01
   9.1083333e-01
   9.2750000e-01
   9.0166667e-01
   9.1916667e-01
   9.2083333e-01
   9.0666667e-01
   9.0833333e-01
   9.1583333e-01
   9.0333333e-01
   8.9916667e-01
   9.1250000e-01
   9.1083333e-01
   9.1083333e-01
   9.0250000e-01
   9.1833333e-01
   8.9916667e-01
   9.1583333e-01
   9.1583333e-01
   9.0416667e-01
   9.0916667e-01
   9.0416667e-01
   9.1083333e-01
   9.2166667e-01
   9.2166667e-01
   9.2000000e-01
   9.1083333e-01
   9.0250000e-01
   9.0583333e-01
   8.9166667e-01
   8.9833333e-01
   9.1583333e-01
   9.3250000e-01
   9.0666667e-01
   9.0750000e-01
   9.0666667e-01
   9.0250000e-01
   9.0500000e-01
   9.1166667e-01
   9.2000000e-01
   9.2000000e-01
   9.1083333e-01
   9.0916667e-01
   9.0666667e-01
   9.2083333e-01
   9.0166667e-01
   8.9916667e-01
   9.2333333e-01
   9.1166667e-01
   9.1333333e-01
   9.2416667e-01
   9.1166667e-01
   9.1000000e-01
   9.2750000e-01
   9.0916667e-01
   8.9916667e-01
   9.0583333e-01
   8.9833333e-01
   8.8833333e-01
   9.0166667e-01
   9.0500000e-01
   9.1083333e-01
   9.0583333e-01
   9.0583333e-01
   9.0333333e-01
   9.1166667e-01
   9.0583333e-01
   8.9166667e-01
   9.1833333e-01
   9.1916667e-01
   9.0333333e-01
   9.1166667e-01
   9.1000000e-01
   9.1083333e-01
   9.0916667e-01
   9.1250000e-01
   8.9333333e-01
   9.1583333e-01
   9.1416667e-01
   9.0416667e-01
   9.0750000e-01
   9.0750000e-01
   9.0916667e-01
   9.1166667e-01
   9.2166667e-01
   9.2083333e-01
   9.1000000e-01
   9.0083333e-01
   9.2083333e-01
   9.0750000e-01
   9.0666667e-01
   9.0000000e-01
   9.0583333e-01
   9.0166667e-01
   9.2000000e-01
   9.1750000e-01
   9.0583333e-01
   9.0500000e-01
   9.0000000e-01
   8.7916667e-01
   9.2166667e-01
   9.2833333e-01
   8.9500000e-01
   8.8750000e-01
   9.0333333e-01
   9.0166667e-01
   9.1250000e-01
   9.0666667e-01
   8.9583333e-01
   9.0333333e-01
   9.0333333e-01
   8.9750000e-01
   9.2083333e-01
   9.0416667e-01
   9.0833333e-01
   9.0833333e-01
   9.0083333e-01
   9.1750000e-01
   9.1083333e-01
   9.1250000e-01
   9.0583333e-01
   9.1416667e-01
   9.1583333e-01
   8.9083333e-01
   9.0833333e-01
   9.0333333e-01
   9.1750000e-01
   9.1000000e-01
   9.0916667e-01
   9.0583333e-01
   9.1750000e-01
   9.0750000e-01
   9.1916667e-01
   9.1750000e-01
   9.2250000e-01
   9.0750000e-01
   9.3750000e-01
   9.4000000e-01
   9.1750000e-01
   9.1750000e-01
   9.1500000e-01
   9.2916667e-01
   9.2666667e-01
   8.9833333e-01
   9.3083333e-01
   9.2083333e-01
   9.2250000e-01
   9.4000000e-01
   9.1916667e-01
   9.1916667e-01
   9.1916667e-01
   9.2250000e-01
   9.1916667e-01
   9.1083333e-01
   9.0666667e-01
   9.2333333e-01
   9.3000000e-01
   9.1000000e-01
   9.1750000e-01
   9.2000000e-01
   9.2000000e-01
   9.1333333e-01
   9.1583333e-01
   9.1750000e-01
   9.1916667e-01
   9.1833333e-01
   9.1416667e-01
   9.0916667e-01
   9.2416667e-01
   9.0250000e-01
   9.2250000e-01
   9.1416667e-01
   9.1666667e-01
   9.1750000e-01
   9.2083333e-01
   9.2083333e-01
   9.0666667e-01
   9.2333333e-01
   9.1166667e-01
   9.2250000e-01
   9.2916667e-01
   9.1083333e-01
   9.0416667e-01
   9.1833333e-01
   9.1666667e-01
   9.2416667e-01
   9.0166667e-01
   9.2750000e-01
   9.2000000e-01
   9.3333333e-01
   9.1666667e-01
   8.9250000e-01
   9.1083333e-01
   9.1833333e-01
   9.2166667e-01
   9.0833333e-01
   9.1166667e-01
   9.1916667e-01
   9.0583333e-01
   9.1750000e-01
