   0.8925000    
   0.9041667    
   0.9025000    
   0.9225000    
   0.9166667    
   0.8991666    
   0.9175000    
   0.9141667    
   0.9208333    
   0.9083333    
   0.9241667    
   0.9016666    
   0.9166667    
   0.9066667    
   0.8933333    
   0.9016666    
   0.9208333    
   0.8916667    
   0.8875000    
   0.8991666    
   0.9091667    
   0.8991666    
   0.9050000    
   0.9008333    
   0.9033333    
   0.9200000    
   0.9208333    
   0.9241667    
   0.9191667    
   0.9175000    
   0.9025000    
   0.9133334    
   0.9216667    
   0.9125000    
   0.9175000    
   0.9183334    
   0.9033333    
   0.9225000    
   0.9075000    
   0.9066667    
   0.9033333    
   0.9033333    
   0.9100000    
   0.9275000    
   0.9141667    
   0.9175000    
   0.9066667    
   0.9141667    
   0.9225000    
   0.9133334    
   0.9108334    
   0.9108334    
   0.9325000    
   0.9300000    
   0.9075000    
   0.9308333    
   0.9175000    
   0.9091667    
   0.9083333    
   0.9116667    
   0.9400000    
   0.9133334    
   0.9191667    
   0.9291667    
   0.9208333    
   0.9083333    
   0.9025000    
   0.8991666    
   0.9083333    
   0.9108334    
   0.9175000    
   0.8991666    
   0.9075000    
   0.9191667    
   0.9166667    
   0.9333333    
   0.9141667    
   0.9283333    
   0.9075000    
   0.9083333    
   0.8991666    
   0.9041667    
   0.8950000    
   0.8883333    
   0.9175000    
   0.9200000    
   0.9241667    
   0.9066667    
   0.9191667    
   0.9166667    
   0.9166667    
   0.9016666    
   0.9066667    
   0.9183334    
   0.9125000    
   0.9058333    
   0.9183334    
   0.9225000    
   0.9158334    
   0.9241667    
   0.9200000    
   0.9183334    
   0.9066667    
   0.9150000    
   0.9158334    
   0.9250000    
   0.9375000    
   0.9183334    
   0.9158334    
   0.9075000    
   0.9141667    
   0.9108334    
   0.9325000    
   0.9141667    
   0.9200000    
   0.9025000    
   0.9041667    
   0.9025000    
   0.9058333    
   0.9175000    
   0.9091667    
   0.9225000    
   0.9200000    
   0.8891667    
   0.9100000    
   0.9133334    
   0.9158334    
   0.9191667    
   0.9075000    
   0.9033333    
   0.9125000    
   0.9100000    
   0.9116667    
   0.9116667    
   0.9058333    
   0.9058333    
   0.9141667    
   0.9158334    
   0.9133334    
   0.9158334    
   0.9075000    
   0.9108334    
   0.9066667    
   0.9008333    
   0.9000000    
   0.8875000    
   0.8908333    
   0.9041667    
   0.9016666    
   0.9016666    
   0.9083333    
   0.9033333    
   0.9100000    
   0.8941666    
   0.9108334    
   0.9050000    
   0.9200000    
   0.9133334    
   0.9091667    
   0.9133334    
   0.9141667    
   0.8983333    
   0.9075000    
   0.9033333    
   0.9041667    
   0.9100000    
   0.8916667    
   0.9016666    
   0.9291667    
   0.9058333    
   0.9058333    
   0.9175000    
   0.9041667    
   0.9000000    
   0.8933333    
   0.9000000    
   0.9116667    
   0.8908333    
   0.9033333    
   0.9275000    
   0.9283333    
   0.9125000    
   0.9091667    
   0.9108334    
   0.9033333    
   0.9041667    
   0.9175000    
   0.9016666    
   0.9158334    
   0.8983333    
   0.9050000    
   0.9116667    
   0.9258333    
   0.9058333    
   0.9125000    
   0.9275000    
   0.9083333    
   0.9191667    
   0.9191667    
   0.8975000    
   0.9291667    
   0.9016666    
   0.9075000    
   0.9183334    
   0.9133334    
   0.9225000    
   0.9058333    
   0.9400000    
   0.9233333    
   0.9041667    
   0.9125000    
   0.9166667    
   0.9150000    
   0.9266667    
   0.9091667    
   0.9241667    
   0.9066667    
   0.9108334    
   0.9125000    
   0.8908333    
   0.9100000    
   0.9033333    
   0.9016666    
   0.8950000    
   0.9116667    
   0.9058333    
   0.8983333    
   0.9116667    
   0.8950000    
   0.9225000    
   0.9200000    
   0.9058333    
   0.9066667    
   0.9091667    
   0.9108334    
   0.9175000    
   0.9166667    
   0.9200000    
   0.9025000    
   0.9233333    
   0.9216667    
   0.9108334    
   0.8950000    
   0.9100000    
   0.9091667    
   0.9275000    
   0.9066667    
   0.8975000    
   0.9183334    
   0.9141667    
   0.9191667    
   0.9225000    
   0.9233333    
   0.9183334    
   0.9175000    
   0.9041667    
   0.9008333    
   0.9250000    
   0.9191667    
   0.9116667    
   0.9033333    
   0.9025000    
   0.9216667    
   0.9108334    
   0.9208333    
   0.8916667    
   0.8983333    
   0.9208333    
   0.9300000    
   0.9125000    
   0.9108334    
   0.9066667    
   0.9208333    
   0.9141667    
   0.9208333    
   0.9216667    
   0.9058333    
   0.9083333    
   0.9100000    
   0.9025000    
   0.9141667    
   0.8991666    
   0.9025000    
   0.9208333    
   0.9158334    
   0.8991666    
   0.9108334    
   0.9075000    
   0.9033333    
   0.9183334    
   0.9058333    
   0.8975000    
   0.9125000    
   0.9025000    
   0.8875000    
   0.9033333    
   0.8891667    
   0.9000000    
   0.8975000    
   0.8791667    
   0.9000000    
   0.8833333    
   0.8791667    
   0.8808333    
   0.9041667    
   0.8908333    
   0.9050000    
   0.8958333    
   0.9008333    
   0.8958333    
   0.9033333    
   0.8883333    
   0.8966666    
   0.9000000    
   0.9075000    
   0.9066667    
   0.9058333    
   0.8983333    
   0.9050000    
   0.9108334    
   0.9166667    
   0.9125000    
   0.9008333    
   0.8958333    
