   1.1781244e+00   1.2708333e+00
   1.1779841e+00   1.2600000e+00
   1.1895852e+00   1.2550000e+00
   1.1640596e+00   1.2383333e+00
   1.1674240e+00   1.2600000e+00
   1.1912391e+00   1.2566667e+00
   1.1825221e+00   1.2608333e+00
   1.1675850e+00   1.2541667e+00
   1.1708353e+00   1.2508333e+00
   1.1604730e+00   1.2708333e+00
   1.1354187e+00   1.2708333e+00
   1.1868648e+00   1.2350000e+00
   1.1799530e+00   1.2425000e+00
   1.1359003e+00   1.2741667e+00
   1.1696663e+00   1.2341667e+00
   1.1542619e+00   1.2508333e+00
   1.1715772e+00   1.2633333e+00
   1.1697304e+00   1.2591667e+00
   1.1944346e+00   1.2541667e+00
   1.1860023e+00   1.3058333e+00
   1.2425006e+00   1.2816667e+00
   1.2043435e+00   1.3125000e+00
   1.2413175e+00   1.2958333e+00
   1.2206171e+00   1.2800000e+00
   1.1955401e+00   1.2916667e+00
   1.2217506e+00   1.3000000e+00
   1.2006810e+00   1.2933333e+00
   1.2007250e+00   1.2883333e+00
   1.2156352e+00   1.2791667e+00
   1.2193853e+00   1.2716667e+00
   1.1889423e+00   1.2608333e+00
   1.2072706e+00   1.2991667e+00
   1.2294972e+00   1.2750000e+00
   1.2364603e+00   1.2800000e+00
   1.1942495e+00   1.2650000e+00
   1.1798865e+00   1.2825000e+00
   1.1949947e+00   1.2716667e+00
   1.2146995e+00   1.2700000e+00
   1.2095892e+00   1.2833333e+00
   1.1879363e+00   1.2683333e+00
   1.1899961e+00   1.2666667e+00
   1.1947939e+00   1.2791667e+00
   1.2030440e+00   1.3050000e+00
   1.1906026e+00   1.2775000e+00
   1.2173397e+00   1.2750000e+00
   1.1929373e+00   1.2733333e+00
   1.1760349e+00   1.2766667e+00
   1.1731214e+00   1.2800000e+00
   1.2131354e+00   1.2925000e+00
   1.2244308e+00   1.2725000e+00
   1.1904017e+00   1.2800000e+00
   1.1833636e+00   1.2966667e+00
   1.2269894e+00   1.2816667e+00
   1.1952239e+00   1.3258333e+00
   1.1947528e+00   1.2991667e+00
   1.2116058e+00   1.3083333e+00
   1.2552540e+00   1.2741667e+00
   1.2021315e+00   1.3150000e+00
   1.2114965e+00   1.3000000e+00
   1.2356591e+00   1.3108333e+00
   1.1887653e+00   1.2791667e+00
   1.1776485e+00   1.3141667e+00
   1.1809913e+00   1.3050000e+00
   1.2001864e+00   1.3100000e+00
   1.2427248e+00   1.3166667e+00
   1.2252476e+00   1.2675000e+00
   1.1720547e+00   1.3008333e+00
   1.1913316e+00   1.2491667e+00
   1.2209334e+00   1.2600000e+00
   1.2080136e+00   1.2916667e+00
   1.1879349e+00   1.2841667e+00
   1.2008527e+00   1.2925000e+00
   1.1921777e+00   1.3008333e+00
   1.2209635e+00   1.3191667e+00
   1.2138752e+00   1.3083333e+00
   1.2238481e+00   1.3441667e+00
   1.2170318e+00   1.3416667e+00
   1.2472234e+00   1.2975000e+00
   1.2075333e+00   1.3366667e+00
   1.2610091e+00   1.3050000e+00
   1.2180986e+00   1.3200000e+00
   1.2341604e+00   1.2766667e+00
   1.2192853e+00   1.2883333e+00
   1.2422583e+00   1.3025000e+00
   1.1968826e+00   1.2975000e+00
   1.2114328e+00   1.2983333e+00
   1.2522547e+00   1.3158333e+00
   1.2131102e+00   1.3191667e+00
   1.2217548e+00   1.3266667e+00
   1.1951239e+00   1.2858333e+00
   1.1993510e+00   1.3108333e+00
   1.2290245e+00   1.2808333e+00
   1.2077589e+00   1.3033333e+00
   1.1659533e+00   1.2583333e+00
   1.2178697e+00   1.2775000e+00
   1.2047816e+00   1.2866667e+00
   1.2159736e+00   1.3000000e+00
   1.2058079e+00   1.2641667e+00
   1.1642875e+00   1.2983333e+00
   1.2120134e+00   1.2841667e+00
   1.2030495e+00   1.2783333e+00
   1.2043621e+00   1.2891667e+00
   1.1930586e+00   1.3125000e+00
   1.2298870e+00   1.2925000e+00
   1.2040340e+00   1.2716667e+00
   1.1836621e+00   1.2716667e+00
   1.1889895e+00   1.2808333e+00
   1.1784841e+00   1.2733333e+00
   1.1863322e+00   1.2566667e+00
   1.1943403e+00   1.2700000e+00
   1.1847819e+00   1.2575000e+00
   1.1926265e+00   1.2641667e+00
   1.1653520e+00   1.2841667e+00
   1.1807942e+00   1.2683333e+00
   1.2012947e+00   1.2825000e+00
   1.2244807e+00   1.2741667e+00
   1.2012387e+00   1.2800000e+00
   1.2116244e+00   1.2891667e+00
   1.2143016e+00   1.2775000e+00
   1.2085520e+00   1.2741667e+00
   1.1697182e+00   1.2833333e+00
   1.1925950e+00   1.2500000e+00
   1.1620614e+00   1.2891667e+00
   1.2019728e+00   1.2758333e+00
   1.1885583e+00   1.2658333e+00
   1.1971270e+00   1.2983333e+00
   1.1728373e+00   1.3275000e+00
   1.2293794e+00   1.2583333e+00
   1.1843645e+00   1.2716667e+00
   1.1701384e+00   1.2825000e+00
   1.1969330e+00   1.2808333e+00
   1.1866213e+00   1.2850000e+00
   1.2148176e+00   1.2833333e+00
   1.1819229e+00   1.2966667e+00
   1.1898135e+00   1.3041667e+00
   1.2344403e+00   1.2833333e+00
   1.1839454e+00   1.2900000e+00
   1.2081581e+00   1.2708333e+00
   1.1796516e+00   1.2691667e+00
   1.1927145e+00   1.2833333e+00
   1.1727573e+00   1.2941667e+00
   1.2180932e+00   1.2758333e+00
   1.1802849e+00   1.2900000e+00
   1.1921419e+00   1.2866667e+00
   1.2214215e+00   1.2783333e+00
   1.2120781e+00   1.2983333e+00
   1.2025892e+00   1.2616667e+00
   1.2144383e+00   1.2833333e+00
   1.1805645e+00   1.2925000e+00
   1.1925651e+00   1.2850000e+00
   1.2182221e+00   1.2541667e+00
   1.1764900e+00   1.2550000e+00
   1.1845330e+00   1.2941667e+00
   1.1821987e+00   1.2600000e+00
   1.1870861e+00   1.2300000e+00
   1.1891701e+00   1.3116667e+00
   1.2131217e+00   1.2775000e+00
   1.2259861e+00   1.2941667e+00
   1.1765629e+00   1.3133333e+00
   1.2088921e+00   1.2650000e+00
   1.1945836e+00   1.2791667e+00
   1.2156699e+00   1.2741667e+00
   1.2176788e+00   1.2825000e+00
   1.1969864e+00   1.2750000e+00
   1.1793510e+00   1.2850000e+00
   1.2063439e+00   1.2733333e+00
   1.2098105e+00   1.2983333e+00
   1.1945163e+00   1.2925000e+00
   1.2060824e+00   1.2775000e+00
   1.1658504e+00   1.2925000e+00
   1.1970920e+00   1.2833333e+00
   1.1951916e+00   1.3058333e+00
   1.2103474e+00   1.2958333e+00
   1.2179494e+00   1.2566667e+00
   1.2182680e+00   1.2933333e+00
   1.2299070e+00   1.2825000e+00
   1.1974833e+00   1.2741667e+00
   1.1926571e+00   1.2991667e+00
   1.2166285e+00   1.2783333e+00
   1.1847743e+00   1.2775000e+00
   1.1868148e+00   1.2675000e+00
   1.2021367e+00   1.2658333e+00
   1.1900151e+00   1.2858333e+00
   1.2002872e+00   1.2883333e+00
   1.1966875e+00   1.2800000e+00
   1.2103156e+00   1.3208333e+00
   1.2021866e+00   1.2891667e+00
   1.1987807e+00   1.2833333e+00
   1.2057919e+00   1.3058333e+00
   1.1974504e+00   1.2925000e+00
   1.2081546e+00   1.2950000e+00
   1.1894646e+00   1.2841667e+00
   1.1827775e+00   1.2875000e+00
   1.2376129e+00   1.2641667e+00
   1.1811554e+00   1.2783333e+00
   1.1969003e+00   1.2750000e+00
   1.2066908e+00   1.3075000e+00
   1.2149338e+00   1.2875000e+00
   1.1866395e+00   1.3033333e+00
   1.2264415e+00   1.2783333e+00
   1.1971410e+00   1.3166667e+00
   1.2088663e+00   1.2466667e+00
   1.1943226e+00   1.2941667e+00
   1.2090783e+00   1.2808333e+00
   1.2125790e+00   1.3041667e+00
   1.1916669e+00   1.3191667e+00
   1.2315168e+00   1.3208333e+00
   1.2402572e+00   1.3075000e+00
   1.2189473e+00   1.3250000e+00
   1.2117853e+00   1.2866667e+00
   1.2088913e+00   1.3175000e+00
   1.2254753e+00   1.2950000e+00
   1.2011802e+00   1.2841667e+00
   1.2145053e+00   1.3250000e+00
   1.2210063e+00   1.2900000e+00
   1.2120830e+00   1.3291667e+00
   1.2585364e+00   1.3183333e+00
   1.2206844e+00   1.3350000e+00
   1.2325178e+00   1.3183333e+00
   1.2144661e+00   1.2875000e+00
   1.1885699e+00   1.3125000e+00
   1.2247833e+00   1.3041667e+00
   1.2252784e+00   1.2625000e+00
   1.2156428e+00   1.2950000e+00
   1.1991507e+00   1.2966667e+00
   1.1995224e+00   1.2916667e+00
   1.1982248e+00   1.3016667e+00
   1.2311281e+00   1.2866667e+00
   1.1733055e+00   1.2841667e+00
   1.1890351e+00   1.2725000e+00
   1.2167835e+00   1.2891667e+00
   1.1748278e+00   1.3150000e+00
   1.1960756e+00   1.2650000e+00
   1.1848419e+00   1.2800000e+00
   1.1799227e+00   1.2625000e+00
